0 0 150 150 150
1 0 150 150 150
2 0 150 150 150
3 0 150 150 150
4 0 150 150 150
5 0 150 150 150
6 0 150 150 150
7 0 150 150 150
8 0 150 150 150
9 0 150 150 150
10 0 150 150 150
11 0 150 150 150
12 0 150 150 150
13 0 150 150 150
14 0 150 150 150
15 0 150 150 150
16 0 150 150 150
17 0 150 150 150
18 0 150 150 150
19 0 150 150 150
20 0 150 150 150
21 0 150 150 150
22 0 150 150 150
23 0 150 150 150
24 0 150 150 150
25 0 150 150 150
26 0 150 150 150
27 0 150 150 150
28 0 150 150 150
29 0 150 150 150
30 0 150 150 150
31 0 150 150 150
32 0 150 150 150
33 0 150 150 150
34 0 150 150 150
35 0 150 150 150
36 0 150 150 150
37 0 150 150 150
38 0 150 150 150
39 0 150 150 150
40 0 150 150 150
41 0 150 150 150
42 0 150 150 150
43 0 150 150 150
44 0 150 150 150
45 0 150 150 150
46 0 150 150 150
47 0 150 150 150
48 0 150 150 150
49 0 150 150 150
0 1 150 150 150
1 1 150 150 150
2 1 150 150 150
3 1 150 150 150
4 1 150 150 150
5 1 150 150 150
6 1 150 150 150
7 1 150 150 150
8 1 150 150 150
9 1 150 150 150
10 1 150 150 150
11 1 150 150 150
12 1 150 150 150
13 1 150 150 150
14 1 150 150 150
15 1 150 150 150
16 1 150 150 150
17 1 150 150 150
18 1 150 150 150
19 1 150 150 150
20 1 150 150 150
21 1 150 150 150
22 1 150 150 150
23 1 150 150 150
24 1 150 150 150
25 1 150 150 150
26 1 150 150 150
27 1 150 150 150
28 1 150 150 150
29 1 150 150 150
30 1 150 150 150
31 1 150 150 150
32 1 150 150 150
33 1 150 150 150
34 1 150 150 150
35 1 150 150 150
36 1 150 150 150
37 1 150 150 150
38 1 150 150 150
39 1 150 150 150
40 1 150 150 150
41 1 150 150 150
42 1 150 150 150
43 1 150 150 150
44 1 150 150 150
45 1 150 150 150
46 1 150 150 150
47 1 150 150 150
48 1 150 150 150
49 1 150 150 150
0 18 150 150 150
1 18 150 150 150
2 18 150 150 150
3 18 150 150 150
4 18 150 150 150
5 18 150 150 150
6 18 150 150 150
7 18 150 150 150
8 18 150 150 150
9 18 150 150 150
10 18 150 150 150
11 18 150 150 150
12 18 150 150 150
13 18 150 150 150
14 18 150 150 150
15 18 150 150 150
16 18 150 150 150
17 18 150 150 150
18 18 150 150 150
19 18 150 150 150
20 18 150 150 150
21 18 150 150 150
22 18 150 150 150
23 18 150 150 150
24 18 150 150 150
25 18 150 150 150
26 18 150 150 150
27 18 150 150 150
28 18 150 150 150
29 18 150 150 150
30 18 150 150 150
31 18 150 150 150
32 18 150 150 150
33 18 150 150 150
34 18 150 150 150
35 18 150 150 150
36 18 150 150 150
37 18 150 150 150
38 18 150 150 150
39 18 150 150 150
40 18 150 150 150
41 18 150 150 150
42 18 150 150 150
43 18 150 150 150
44 18 150 150 150
45 18 150 150 150
46 18 150 150 150
47 18 150 150 150
48 18 150 150 150
49 18 150 150 150
0 19 150 150 150
1 19 150 150 150
2 19 150 150 150
3 19 150 150 150
4 19 150 150 150
5 19 150 150 150
6 19 150 150 150
7 19 150 150 150
8 19 150 150 150
9 19 150 150 150
10 19 150 150 150
11 19 150 150 150
12 19 150 150 150
13 19 150 150 150
14 19 150 150 150
15 19 150 150 150
16 19 150 150 150
17 19 150 150 150
18 19 150 150 150
19 19 150 150 150
20 19 150 150 150
21 19 150 150 150
22 19 150 150 150
23 19 150 150 150
24 19 150 150 150
25 19 150 150 150
26 19 150 150 150
27 19 150 150 150
28 19 150 150 150
29 19 150 150 150
30 19 150 150 150
31 19 150 150 150
32 19 150 150 150
33 19 150 150 150
34 19 150 150 150
35 19 150 150 150
36 19 150 150 150
37 19 150 150 150
38 19 150 150 150
39 19 150 150 150
40 19 150 150 150
41 19 150 150 150
42 19 150 150 150
43 19 150 150 150
44 19 150 150 150
45 19 150 150 150
46 19 150 150 150
47 19 150 150 150
48 19 150 150 150
49 19 150 150 150
0 2 150 150 150
1 2 150 150 150
2 2 150 150 150
3 2 150 150 150
4 2 150 150 150
5 2 255 0 0
6 2 255 0 0
7 2 255 0 0
8 2 255 0 0
9 2 255 0 0
10 2 255 255 255
11 2 255 255 255
12 2 255 255 255
13 2 255 255 255
14 2 255 255 255
15 2 255 255 255
16 2 255 255 255
17 2 255 255 255
18 2 255 255 255
19 2 255 255 255
20 2 255 255 255
21 2 255 255 255
22 2 255 255 255
23 2 255 255 255
24 2 255 255 255
25 2 255 255 255
26 2 255 255 255
27 2 255 255 255
28 2 255 255 255
29 2 255 255 255
30 2 255 255 255
31 2 255 255 255
32 2 255 255 255
33 2 255 255 255
34 2 255 255 255
35 2 255 255 255
36 2 255 255 255
37 2 255 255 255
38 2 255 255 255
39 2 255 255 255
40 2 255 0 0
41 2 255 0 0
42 2 255 0 0
43 2 255 0 0
44 2 255 0 0
45 2 150 150 150
46 2 150 150 150
47 2 150 150 150
48 2 150 150 150
49 2 150 150 150
0 3 150 150 150
1 3 150 150 150
2 3 150 150 150
3 3 150 150 150
4 3 150 150 150
5 3 255 0 0
6 3 255 0 0
7 3 255 0 0
8 3 255 0 0
9 3 255 0 0
10 3 255 255 255
11 3 255 255 255
12 3 255 255 255
13 3 255 255 255
14 3 255 255 255
15 3 255 255 255
16 3 255 255 255
17 3 255 255 255
18 3 255 255 255
19 3 255 255 255
20 3 255 255 255
21 3 255 255 255
22 3 255 255 255
23 3 255 255 255
24 3 255 255 255
25 3 255 255 255
26 3 255 255 255
27 3 255 255 255
28 3 255 255 255
29 3 255 255 255
30 3 255 255 255
31 3 255 255 255
32 3 255 255 255
33 3 255 255 255
34 3 255 255 255
35 3 255 255 255
36 3 255 255 255
37 3 255 255 255
38 3 255 255 255
39 3 255 255 255
40 3 255 0 0
41 3 255 0 0
42 3 255 0 0
43 3 255 0 0
44 3 255 0 0
45 3 150 150 150
46 3 150 150 150
47 3 150 150 150
48 3 150 150 150
49 3 150 150 150
0 4 150 150 150
1 4 150 150 150
2 4 150 150 150
3 4 150 150 150
4 4 150 150 150
5 4 255 0 0
6 4 255 0 0
7 4 255 0 0
8 4 255 0 0
9 4 255 0 0
10 4 255 255 255
11 4 255 255 255
12 4 255 255 255
13 4 255 255 255
14 4 255 255 255
15 4 255 255 255
16 4 255 255 255
17 4 255 255 255
18 4 255 255 255
19 4 255 255 255
20 4 255 255 255
21 4 255 255 255
22 4 255 255 255
23 4 255 255 255
24 4 255 255 255
25 4 255 255 255
26 4 255 255 255
27 4 255 255 255
28 4 255 255 255
29 4 255 255 255
30 4 255 255 255
31 4 255 255 255
32 4 255 255 255
33 4 255 255 255
34 4 255 255 255
35 4 255 255 255
36 4 255 255 255
37 4 255 255 255
38 4 255 255 255
39 4 255 255 255
40 4 255 0 0
41 4 255 0 0
42 4 255 0 0
43 4 255 0 0
44 4 255 0 0
45 4 150 150 150
46 4 150 150 150
47 4 150 150 150
48 4 150 150 150
49 4 150 150 150
0 5 150 150 150
1 5 150 150 150
2 5 150 150 150
3 5 150 150 150
4 5 150 150 150
5 5 255 0 0
6 5 255 0 0
7 5 255 0 0
8 5 255 0 0
9 5 255 0 0
10 5 255 255 255
11 5 255 255 255
12 5 255 255 255
13 5 255 255 255
14 5 255 255 255
15 5 255 255 255
16 5 255 255 255
17 5 255 255 255
18 5 255 255 255
19 5 255 255 255
20 5 255 255 255
21 5 255 255 255
22 5 255 255 255
23 5 255 255 255
24 5 255 255 255
25 5 255 255 255
26 5 255 255 255
27 5 255 255 255
28 5 255 255 255
29 5 255 255 255
30 5 255 255 255
31 5 255 255 255
32 5 255 255 255
33 5 255 255 255
34 5 255 255 255
35 5 255 255 255
36 5 255 255 255
37 5 255 255 255
38 5 255 255 255
39 5 255 255 255
40 5 255 0 0
41 5 255 0 0
42 5 255 0 0
43 5 255 0 0
44 5 255 0 0
45 5 150 150 150
46 5 150 150 150
47 5 150 150 150
48 5 150 150 150
49 5 150 150 150
0 6 150 150 150
1 6 150 150 150
2 6 150 150 150
3 6 150 150 150
4 6 150 150 150
5 6 255 0 0
6 6 255 0 0
7 6 255 0 0
8 6 255 0 0
9 6 255 0 0
10 6 255 255 255
11 6 255 255 255
12 6 255 255 255
13 6 255 255 255
14 6 255 255 255
15 6 255 255 255
16 6 255 255 255
17 6 255 255 255
18 6 255 255 255
19 6 255 255 255
20 6 255 255 255
21 6 255 255 255
22 6 255 255 255
23 6 255 255 255
24 6 255 255 255
25 6 255 255 255
26 6 255 255 255
27 6 255 255 255
28 6 255 255 255
29 6 255 255 255
30 6 255 255 255
31 6 255 255 255
32 6 255 255 255
33 6 255 255 255
34 6 255 255 255
35 6 255 255 255
36 6 255 255 255
37 6 255 255 255
38 6 255 255 255
39 6 255 255 255
40 6 255 0 0
41 6 255 0 0
42 6 255 0 0
43 6 255 0 0
44 6 255 0 0
45 6 150 150 150
46 6 150 150 150
47 6 150 150 150
48 6 150 150 150
49 6 150 150 150
0 7 150 150 150
1 7 150 150 150
2 7 150 150 150
3 7 150 150 150
4 7 150 150 150
5 7 255 255 255
6 7 255 255 255
7 7 255 255 255
8 7 255 255 255
9 7 255 255 255
10 7 0 0 255
11 7 0 0 255
12 7 0 0 255
13 7 0 0 255
14 7 0 0 255
15 7 0 0 255
16 7 0 0 255
17 7 0 0 255
18 7 0 0 255
19 7 0 0 255
20 7 0 0 255
21 7 0 0 255
22 7 0 0 255
23 7 0 0 255
24 7 0 0 255
25 7 0 0 255
26 7 0 0 255
27 7 0 0 255
28 7 0 0 255
29 7 0 0 255
30 7 0 0 255
31 7 0 0 255
32 7 0 0 255
33 7 0 0 255
34 7 0 0 255
35 7 0 0 255
36 7 0 0 255
37 7 0 0 255
38 7 0 0 255
39 7 0 0 255
40 7 255 255 255
41 7 255 255 255
42 7 255 255 255
43 7 255 255 255
44 7 255 255 255
45 7 150 150 150
46 7 150 150 150
47 7 150 150 150
48 7 150 150 150
49 7 150 150 150
0 8 150 150 150
1 8 150 150 150
2 8 150 150 150
3 8 150 150 150
4 8 150 150 150
5 8 255 255 255
6 8 255 255 255
7 8 255 255 255
8 8 255 255 255
9 8 255 255 255
10 8 0 0 255
11 8 0 0 255
12 8 0 0 255
13 8 0 0 255
14 8 0 0 255
15 8 0 0 255
16 8 0 0 255
17 8 0 0 255
18 8 0 0 255
19 8 0 0 255
20 8 0 0 255
21 8 0 0 255
22 8 0 0 255
23 8 0 0 255
24 8 0 0 255
25 8 0 0 255
26 8 0 0 255
27 8 0 0 255
28 8 0 0 255
29 8 0 0 255
30 8 0 0 255
31 8 0 0 255
32 8 0 0 255
33 8 0 0 255
34 8 0 0 255
35 8 0 0 255
36 8 0 0 255
37 8 0 0 255
38 8 0 0 255
39 8 0 0 255
40 8 255 255 255
41 8 255 255 255
42 8 255 255 255
43 8 255 255 255
44 8 255 255 255
45 8 150 150 150
46 8 150 150 150
47 8 150 150 150
48 8 150 150 150
49 8 150 150 150
0 9 150 150 150
1 9 150 150 150
2 9 150 150 150
3 9 150 150 150
4 9 150 150 150
5 9 255 255 255
6 9 255 255 255
7 9 255 255 255
8 9 255 255 255
9 9 255 255 255
10 9 0 0 255
11 9 0 0 255
12 9 0 0 255
13 9 0 0 255
14 9 0 0 255
15 9 0 0 255
16 9 0 0 255
17 9 0 0 255
18 9 0 0 255
19 9 0 0 255
20 9 0 0 255
21 9 0 0 255
22 9 0 0 255
23 9 0 0 255
24 9 0 0 255
25 9 0 0 255
26 9 0 0 255
27 9 0 0 255
28 9 0 0 255
29 9 0 0 255
30 9 0 0 255
31 9 0 0 255
32 9 0 0 255
33 9 0 0 255
34 9 0 0 255
35 9 0 0 255
36 9 0 0 255
37 9 0 0 255
38 9 0 0 255
39 9 0 0 255
40 9 255 255 255
41 9 255 255 255
42 9 255 255 255
43 9 255 255 255
44 9 255 255 255
45 9 150 150 150
46 9 150 150 150
47 9 150 150 150
48 9 150 150 150
49 9 150 150 150
0 10 150 150 150
1 10 150 150 150
2 10 150 150 150
3 10 150 150 150
4 10 150 150 150
5 10 255 255 255
6 10 255 255 255
7 10 255 255 255
8 10 255 255 255
9 10 255 255 255
10 10 0 0 255
11 10 0 0 255
12 10 0 0 255
13 10 0 0 255
14 10 0 0 255
15 10 0 0 255
16 10 0 0 255
17 10 0 0 255
18 10 0 0 255
19 10 0 0 255
20 10 0 0 255
21 10 0 0 255
22 10 0 0 255
23 10 0 0 255
24 10 0 0 255
25 10 0 0 255
26 10 0 0 255
27 10 0 0 255
28 10 0 0 255
29 10 0 0 255
30 10 0 0 255
31 10 0 0 255
32 10 0 0 255
33 10 0 0 255
34 10 0 0 255
35 10 0 0 255
36 10 0 0 255
37 10 0 0 255
38 10 0 0 255
39 10 0 0 255
40 10 255 255 255
41 10 255 255 255
42 10 255 255 255
43 10 255 255 255
44 10 255 255 255
45 10 150 150 150
46 10 150 150 150
47 10 150 150 150
48 10 150 150 150
49 10 150 150 150
0 11 150 150 150
1 11 150 150 150
2 11 150 150 150
3 11 150 150 150
4 11 150 150 150
5 11 255 255 255
6 11 255 255 255
7 11 255 255 255
8 11 255 255 255
9 11 255 255 255
10 11 0 0 255
11 11 0 0 255
12 11 0 0 255
13 11 0 0 255
14 11 0 0 255
15 11 0 0 255
16 11 0 0 255
17 11 0 0 255
18 11 0 0 255
19 11 0 0 255
20 11 0 0 255
21 11 0 0 255
22 11 0 0 255
23 11 0 0 255
24 11 0 0 255
25 11 0 0 255
26 11 0 0 255
27 11 0 0 255
28 11 0 0 255
29 11 0 0 255
30 11 0 0 255
31 11 0 0 255
32 11 0 0 255
33 11 0 0 255
34 11 0 0 255
35 11 0 0 255
36 11 0 0 255
37 11 0 0 255
38 11 0 0 255
39 11 0 0 255
40 11 255 255 255
41 11 255 255 255
42 11 255 255 255
43 11 255 255 255
44 11 255 255 255
45 11 150 150 150
46 11 150 150 150
47 11 150 150 150
48 11 150 150 150
49 11 150 150 150
0 12 150 150 150
1 12 150 150 150
2 12 150 150 150
3 12 150 150 150
4 12 150 150 150
5 12 255 255 255
6 12 255 255 255
7 12 255 255 255
8 12 255 255 255
9 12 255 255 255
10 12 0 0 255
11 12 0 0 255
12 12 0 0 255
13 12 0 0 255
14 12 0 0 255
15 12 0 0 255
16 12 0 0 255
17 12 0 0 255
18 12 0 0 255
19 12 0 0 255
20 12 0 0 255
21 12 0 0 255
22 12 0 0 255
23 12 0 0 255
24 12 0 0 255
25 12 0 0 255
26 12 0 0 255
27 12 0 0 255
28 12 0 0 255
29 12 0 0 255
30 12 0 0 255
31 12 0 0 255
32 12 0 0 255
33 12 0 0 255
34 12 0 0 255
35 12 0 0 255
36 12 0 0 255
37 12 0 0 255
38 12 0 0 255
39 12 0 0 255
40 12 255 255 255
41 12 255 255 255
42 12 255 255 255
43 12 255 255 255
44 12 255 255 255
45 12 150 150 150
46 12 150 150 150
47 12 150 150 150
48 12 150 150 150
49 12 150 150 150
0 13 150 150 150
1 13 150 150 150
2 13 150 150 150
3 13 150 150 150
4 13 150 150 150
5 13 255 255 255
6 13 255 255 255
7 13 255 255 255
8 13 255 255 255
9 13 255 255 255
10 13 0 0 255
11 13 0 0 255
12 13 0 0 255
13 13 0 0 255
14 13 0 0 255
15 13 0 0 255
16 13 0 0 255
17 13 0 0 255
18 13 0 0 255
19 13 0 0 255
20 13 0 0 255
21 13 0 0 255
22 13 0 0 255
23 13 0 0 255
24 13 0 0 255
25 13 0 0 255
26 13 0 0 255
27 13 0 0 255
28 13 0 0 255
29 13 0 0 255
30 13 0 0 255
31 13 0 0 255
32 13 0 0 255
33 13 0 0 255
34 13 0 0 255
35 13 0 0 255
36 13 0 0 255
37 13 0 0 255
38 13 0 0 255
39 13 0 0 255
40 13 255 255 255
41 13 255 255 255
42 13 255 255 255
43 13 255 255 255
44 13 255 255 255
45 13 150 150 150
46 13 150 150 150
47 13 150 150 150
48 13 150 150 150
49 13 150 150 150
0 14 150 150 150
1 14 150 150 150
2 14 150 150 150
3 14 150 150 150
4 14 150 150 150
5 14 150 150 150
6 14 150 150 150
7 14 150 150 150
8 14 150 150 150
9 14 150 150 150
10 14 150 150 150
11 14 150 150 150
12 14 150 150 150
13 14 150 150 150
14 14 150 150 150
15 14 150 150 150
16 14 150 150 150
17 14 150 150 150
18 14 150 150 150
19 14 150 150 150
20 14 150 150 150
21 14 150 150 150
22 14 150 150 150
23 14 150 150 150
24 14 150 150 150
25 14 150 150 150
26 14 150 150 150
27 14 150 150 150
28 14 150 150 150
29 14 150 150 150
30 14 150 150 150
31 14 150 150 150
32 14 150 150 150
33 14 150 150 150
34 14 150 150 150
35 14 150 150 150
36 14 150 150 150
37 14 150 150 150
38 14 150 150 150
39 14 150 150 150
40 14 150 150 150
41 14 150 150 150
42 14 150 150 150
43 14 150 150 150
44 14 150 150 150
45 14 150 150 150
46 14 150 150 150
47 14 150 150 150
48 14 150 150 150
49 14 150 150 150
0 15 150 150 150
1 15 150 150 150
2 15 150 150 150
3 15 150 150 150
4 15 150 150 150
5 15 150 150 150
6 15 150 150 150
7 15 150 150 150
8 15 150 150 150
9 15 150 150 150
10 15 150 150 150
11 15 150 150 150
12 15 150 150 150
13 15 150 150 150
14 15 150 150 150
15 15 150 150 150
16 15 150 150 150
17 15 150 150 150
18 15 150 150 150
19 15 150 150 150
20 15 150 150 150
21 15 150 150 150
22 15 150 150 150
23 15 150 150 150
24 15 150 150 150
25 15 150 150 150
26 15 150 150 150
27 15 150 150 150
28 15 150 150 150
29 15 150 150 150
30 15 150 150 150
31 15 150 150 150
32 15 150 150 150
33 15 150 150 150
34 15 150 150 150
35 15 150 150 150
36 15 150 150 150
37 15 150 150 150
38 15 150 150 150
39 15 150 150 150
40 15 150 150 150
41 15 150 150 150
42 15 150 150 150
43 15 150 150 150
44 15 150 150 150
45 15 150 150 150
46 15 150 150 150
47 15 150 150 150
48 15 150 150 150
49 15 150 150 150
0 16 150 150 150
1 16 150 150 150
2 16 150 150 150
3 16 150 150 150
4 16 150 150 150
5 16 150 150 150
6 16 150 150 150
7 16 150 150 150
8 16 150 150 150
9 16 150 150 150
10 16 150 150 150
11 16 150 150 150
12 16 150 150 150
13 16 150 150 150
14 16 150 150 150
15 16 150 150 150
16 16 150 150 150
17 16 150 150 150
18 16 150 150 150
19 16 150 150 150
20 16 150 150 150
21 16 150 150 150
22 16 150 150 150
23 16 150 150 150
24 16 150 150 150
25 16 150 150 150
26 16 150 150 150
27 16 150 150 150
28 16 150 150 150
29 16 150 150 150
30 16 150 150 150
31 16 150 150 150
32 16 150 150 150
33 16 150 150 150
34 16 150 150 150
35 16 150 150 150
36 16 150 150 150
37 16 150 150 150
38 16 150 150 150
39 16 150 150 150
40 16 150 150 150
41 16 150 150 150
42 16 150 150 150
43 16 150 150 150
44 16 150 150 150
45 16 150 150 150
46 16 150 150 150
47 16 150 150 150
48 16 150 150 150
49 16 150 150 150
0 17 150 150 150
1 17 150 150 150
2 17 150 150 150
3 17 150 150 150
4 17 150 150 150
5 17 150 150 150
6 17 150 150 150
7 17 150 150 150
8 17 150 150 150
9 17 150 150 150
10 17 150 150 150
11 17 150 150 150
12 17 150 150 150
13 17 150 150 150
14 17 150 150 150
15 17 150 150 150
16 17 150 150 150
17 17 150 150 150
18 17 150 150 150
19 17 150 150 150
20 17 150 150 150
21 17 150 150 150
22 17 150 150 150
23 17 150 150 150
24 17 150 150 150
25 17 150 150 150
26 17 150 150 150
27 17 150 150 150
28 17 150 150 150
29 17 150 150 150
30 17 150 150 150
31 17 150 150 150
32 17 150 150 150
33 17 150 150 150
34 17 150 150 150
35 17 150 150 150
36 17 150 150 150
37 17 150 150 150
38 17 150 150 150
39 17 150 150 150
40 17 150 150 150
41 17 150 150 150
42 17 150 150 150
43 17 150 150 150
44 17 150 150 150
45 17 150 150 150
46 17 150 150 150
47 17 150 150 150
48 17 150 150 150
49 17 150 150 150